   1.4531316e+00   2.7259288e-01   9.4153140e-01   1.2174538e+00   4.6607519e-01  -2.5121281e-01  -5.1891255e-01  -1.6666830e+00  -4.8979522e-01  -1.4339220e+00   5.0924977e-01   1.1458159e+00   1.9820636e-01   2.4525200e-01  -7.9545729e-01  -2.0991433e+00   1.1305562e+00   4.7389228e-01  -7.8000572e-01
   1.4531316e+00   2.7259288e-01   9.4153140e-01   1.2174538e+00   4.6607519e-01  -2.5121281e-01  -5.1891255e-01  -1.6666830e+00  -4.8979522e-01  -1.4339220e+00   5.0924977e-01   1.1458159e+00   1.9820636e-01   2.4525200e-01  -7.9545729e-01  -2.0991433e+00   1.1305562e+00   4.7389228e-01  -7.8000572e-01
   1.4531316e+00   2.7259288e-01   9.4153140e-01   1.2174538e+00   4.6607519e-01  -2.5121281e-01  -5.1891255e-01  -1.6666830e+00  -4.8979522e-01  -1.4339220e+00   5.0924977e-01   1.1458159e+00   1.9820636e-01   2.4525200e-01  -7.9545729e-01  -2.0991433e+00   1.1305562e+00   4.7389228e-01  -7.8000572e-01
   1.4531316e+00   2.7259288e-01   9.4153140e-01   1.2174538e+00   4.6607519e-01  -2.5121281e-01  -5.1891255e-01  -1.6666830e+00  -4.8979522e-01  -1.4339220e+00   5.0924977e-01   1.1458159e+00   1.9820636e-01   2.4525200e-01  -7.9545729e-01  -2.0991433e+00   1.1305562e+00   4.7389228e-01  -7.8000572e-01
   1.4531316e+00   2.7259288e-01   9.4153140e-01   1.2174538e+00   4.6607519e-01  -2.5121281e-01  -5.1891255e-01  -1.6666830e+00  -4.8979522e-01  -1.4339220e+00   5.0924977e-01   1.1458159e+00   1.9820636e-01   2.4525200e-01  -7.9545729e-01  -2.0991433e+00   1.1305562e+00   4.7389228e-01  -7.8000572e-01
   1.4531316e+00   2.7259288e-01   9.4153140e-01   1.2174538e+00   4.6607519e-01  -2.5121281e-01  -5.1891255e-01  -1.6666830e+00  -4.8979522e-01  -1.4339220e+00   5.0924977e-01   1.1458159e+00   1.9820636e-01   2.4525200e-01  -7.9545729e-01  -2.0991433e+00   1.1305562e+00   4.7389228e-01  -7.8000572e-01
   1.4531316e+00   2.7259288e-01   9.4153140e-01   1.2174538e+00   4.6607519e-01  -2.5121281e-01  -5.1891255e-01  -1.6666830e+00  -4.8979522e-01  -1.4339220e+00   5.0924977e-01   1.1458159e+00   1.9820636e-01   2.4525200e-01  -7.9545729e-01  -2.0991433e+00   1.1305562e+00   4.7389228e-01  -7.8000572e-01
   1.4531316e+00   2.7259288e-01   9.4153140e-01   1.2174538e+00   4.6607519e-01  -2.5121281e-01  -5.1891255e-01  -1.6666830e+00  -4.8979522e-01  -1.4339220e+00   5.0924977e-01   1.1458159e+00   1.9820636e-01   2.4525200e-01  -7.9545729e-01  -2.0991433e+00   1.1305562e+00   4.7389228e-01  -7.8000572e-01
   1.4531316e+00   2.7259288e-01   9.4153140e-01   1.2174538e+00   4.6607519e-01  -2.5121281e-01  -5.1891255e-01  -1.6666830e+00  -4.8979522e-01  -1.4339220e+00   5.0924977e-01   1.1458159e+00   1.9820636e-01   2.4525200e-01  -7.9545729e-01  -2.0991433e+00   1.1305562e+00   4.7389228e-01  -7.8000572e-01
   1.4531316e+00   2.7259288e-01   9.4153140e-01   1.2174538e+00   4.6607519e-01  -2.5121281e-01  -5.1891255e-01  -1.6666830e+00  -4.8979522e-01  -1.4339220e+00   5.0924977e-01   1.1458159e+00   1.9820636e-01   2.4525200e-01  -7.9545729e-01  -2.0991433e+00   1.1305562e+00   4.7389228e-01  -7.8000572e-01
