  -1.3604176e-01  -2.0943158e-01   3.3189353e-01  -3.1781227e-01   8.7130707e-01  -8.4247872e-01   2.5170860e+00  -1.9316236e+00   1.0075260e+00  -7.3042862e-01   3.3073946e-02  -5.2189810e-01   3.6661799e-02  -9.6625860e-01   1.0785820e+00  -1.5257481e+00   4.6743039e-02   3.5762337e-01   9.0122323e-01
  -1.3604176e-01  -2.0943158e-01   3.3189353e-01  -3.1781227e-01   8.7130707e-01  -8.4247872e-01   2.5170860e+00  -1.9316236e+00   1.0075260e+00  -7.3042862e-01   3.3073946e-02  -5.2189810e-01   3.6661799e-02  -9.6625860e-01   1.0785820e+00  -1.5257481e+00   4.6743039e-02   3.5762337e-01   9.0122323e-01
  -1.3604176e-01  -2.0943158e-01   3.3189353e-01  -3.1781227e-01   8.7130707e-01  -8.4247872e-01   2.5170860e+00  -1.9316236e+00   1.0075260e+00  -7.3042862e-01   3.3073946e-02  -5.2189810e-01   3.6661799e-02  -9.6625860e-01   1.0785820e+00  -1.5257481e+00   4.6743039e-02   3.5762337e-01   9.0122323e-01
  -1.3604176e-01  -2.0943158e-01   3.3189353e-01  -3.1781227e-01   8.7130707e-01  -8.4247872e-01   2.5170860e+00  -1.9316236e+00   1.0075260e+00  -7.3042862e-01   3.3073946e-02  -5.2189810e-01   3.6661799e-02  -9.6625860e-01   1.0785820e+00  -1.5257481e+00   4.6743039e-02   3.5762337e-01   9.0122323e-01
  -1.3604176e-01  -2.0943158e-01   3.3189353e-01  -3.1781227e-01   8.7130707e-01  -8.4247872e-01   2.5170860e+00  -1.9316236e+00   1.0075260e+00  -7.3042862e-01   3.3073946e-02  -5.2189810e-01   3.6661799e-02  -9.6625860e-01   1.0785820e+00  -1.5257481e+00   4.6743039e-02   3.5762337e-01   9.0122323e-01
  -1.3604176e-01  -2.0943158e-01   3.3189353e-01  -3.1781227e-01   8.7130707e-01  -8.4247872e-01   2.5170860e+00  -1.9316236e+00   1.0075260e+00  -7.3042862e-01   3.3073946e-02  -5.2189810e-01   3.6661799e-02  -9.6625860e-01   1.0785820e+00  -1.5257481e+00   4.6743039e-02   3.5762337e-01   9.0122323e-01
  -1.3604176e-01  -2.0943158e-01   3.3189353e-01  -3.1781227e-01   8.7130707e-01  -8.4247872e-01   2.5170860e+00  -1.9316236e+00   1.0075260e+00  -7.3042862e-01   3.3073946e-02  -5.2189810e-01   3.6661799e-02  -9.6625860e-01   1.0785820e+00  -1.5257481e+00   4.6743039e-02   3.5762337e-01   9.0122323e-01
  -1.3604176e-01  -2.0943158e-01   3.3189353e-01  -3.1781227e-01   8.7130707e-01  -8.4247872e-01   2.5170860e+00  -1.9316236e+00   1.0075260e+00  -7.3042862e-01   3.3073946e-02  -5.2189810e-01   3.6661799e-02  -9.6625860e-01   1.0785820e+00  -1.5257481e+00   4.6743039e-02   3.5762337e-01   9.0122323e-01
  -1.3604176e-01  -2.0943158e-01   3.3189353e-01  -3.1781227e-01   8.7130707e-01  -8.4247872e-01   2.5170860e+00  -1.9316236e+00   1.0075260e+00  -7.3042862e-01   3.3073946e-02  -5.2189810e-01   3.6661799e-02  -9.6625860e-01   1.0785820e+00  -1.5257481e+00   4.6743039e-02   3.5762337e-01   9.0122323e-01
  -1.3604176e-01  -2.0943158e-01   3.3189353e-01  -3.1781227e-01   8.7130707e-01  -8.4247872e-01   2.5170860e+00  -1.9316236e+00   1.0075260e+00  -7.3042862e-01   3.3073946e-02  -5.2189810e-01   3.6661799e-02  -9.6625860e-01   1.0785820e+00  -1.5257481e+00   4.6743039e-02   3.5762337e-01   9.0122323e-01
