  -1.5439326e+00  -5.8630301e-01   3.4416905e+00  -4.3074574e-01   4.7430896e-01  -1.5829299e-01   7.5479247e-02   6.4121734e-02   6.2236052e-02   1.7314469e-01  -1.8943312e+00  -3.6909639e-01   3.4163232e-01  -1.5006765e-01   1.3910745e-01   1.5548498e-01   2.0139667e-01   3.9783264e-03   1.9926333e-04
  -1.5439326e+00  -5.8630301e-01   3.4416905e+00  -4.3074574e-01   4.7430896e-01  -1.5829299e-01   7.5479247e-02   6.4121734e-02   6.2236052e-02   1.7314469e-01  -1.8943312e+00  -3.6909639e-01   3.4163232e-01  -1.5006765e-01   1.3910745e-01   1.5548498e-01   2.0139667e-01   3.9783264e-03   1.9926333e-04
  -1.5439326e+00  -5.8630301e-01   3.4416905e+00  -4.3074574e-01   4.7430896e-01  -1.5829299e-01   7.5479247e-02   6.4121734e-02   6.2236052e-02   1.7314469e-01  -1.8943312e+00  -3.6909639e-01   3.4163232e-01  -1.5006765e-01   1.3910745e-01   1.5548498e-01   2.0139667e-01   3.9783264e-03   1.9926333e-04
  -1.5439326e+00  -5.8630301e-01   3.4416905e+00  -4.3074574e-01   4.7430896e-01  -1.5829299e-01   7.5479247e-02   6.4121734e-02   6.2236052e-02   1.7314469e-01  -1.8943312e+00  -3.6909639e-01   3.4163232e-01  -1.5006765e-01   1.3910745e-01   1.5548498e-01   2.0139667e-01   3.9783264e-03   1.9926333e-04
  -1.5439326e+00  -5.8630301e-01   3.4416905e+00  -4.3074574e-01   4.7430896e-01  -1.5829299e-01   7.5479247e-02   6.4121734e-02   6.2236052e-02   1.7314469e-01  -1.8943312e+00  -3.6909639e-01   3.4163232e-01  -1.5006765e-01   1.3910745e-01   1.5548498e-01   2.0139667e-01   3.9783264e-03   1.9926333e-04
  -1.5439326e+00  -5.8630301e-01   3.4416905e+00  -4.3074574e-01   4.7430896e-01  -1.5829299e-01   7.5479247e-02   6.4121734e-02   6.2236052e-02   1.7314469e-01  -1.8943312e+00  -3.6909639e-01   3.4163232e-01  -1.5006765e-01   1.3910745e-01   1.5548498e-01   2.0139667e-01   3.9783264e-03   1.9926333e-04
  -1.5439326e+00  -5.8630301e-01   3.4416905e+00  -4.3074574e-01   4.7430896e-01  -1.5829299e-01   7.5479247e-02   6.4121734e-02   6.2236052e-02   1.7314469e-01  -1.8943312e+00  -3.6909639e-01   3.4163232e-01  -1.5006765e-01   1.3910745e-01   1.5548498e-01   2.0139667e-01   3.9783264e-03   1.9926333e-04
  -1.5439326e+00  -5.8630301e-01   3.4416905e+00  -4.3074574e-01   4.7430896e-01  -1.5829299e-01   7.5479247e-02   6.4121734e-02   6.2236052e-02   1.7314469e-01  -1.8943312e+00  -3.6909639e-01   3.4163232e-01  -1.5006765e-01   1.3910745e-01   1.5548498e-01   2.0139667e-01   3.9783264e-03   1.9926333e-04
  -1.5439326e+00  -5.8630301e-01   3.4416905e+00  -4.3074574e-01   4.7430896e-01  -1.5829299e-01   7.5479247e-02   6.4121734e-02   6.2236052e-02   1.7314469e-01  -1.8943312e+00  -3.6909639e-01   3.4163232e-01  -1.5006765e-01   1.3910745e-01   1.5548498e-01   2.0139667e-01   3.9783264e-03   1.9926333e-04
  -1.5439326e+00  -5.8630301e-01   3.4416905e+00  -4.3074574e-01   4.7430896e-01  -1.5829299e-01   7.5479247e-02   6.4121734e-02   6.2236052e-02   1.7314469e-01  -1.8943312e+00  -3.6909639e-01   3.4163232e-01  -1.5006765e-01   1.3910745e-01   1.5548498e-01   2.0139667e-01   3.9783264e-03   1.9926333e-04
