  -8.7901782e-01  -1.1660693e+00  -7.8002964e-02  -9.9413936e-01   1.7188603e+00  -3.9611395e-01   1.9951223e+00   7.0235028e-01   2.9141895e-01  -1.3540690e-01  -3.7836470e-01  -1.4216709e+00   4.4020512e-01  -1.1556080e+00   8.6526870e-01  -6.3476115e-01  -6.7848605e-01   2.2217824e-01   1.6822367e+00
  -8.7901782e-01  -1.1660693e+00  -7.8002964e-02  -9.9413936e-01   1.7188603e+00  -3.9611395e-01   1.9951223e+00   7.0235028e-01   2.9141895e-01  -1.3540690e-01  -3.7836470e-01  -1.4216709e+00   4.4020512e-01  -1.1556080e+00   8.6526870e-01  -6.3476115e-01  -6.7848605e-01   2.2217824e-01   1.6822367e+00
  -8.7901782e-01  -1.1660693e+00  -7.8002964e-02  -9.9413936e-01   1.7188603e+00  -3.9611395e-01   1.9951223e+00   7.0235028e-01   2.9141895e-01  -1.3540690e-01  -3.7836470e-01  -1.4216709e+00   4.4020512e-01  -1.1556080e+00   8.6526870e-01  -6.3476115e-01  -6.7848605e-01   2.2217824e-01   1.6822367e+00
  -8.7901782e-01  -1.1660693e+00  -7.8002964e-02  -9.9413936e-01   1.7188603e+00  -3.9611395e-01   1.9951223e+00   7.0235028e-01   2.9141895e-01  -1.3540690e-01  -3.7836470e-01  -1.4216709e+00   4.4020512e-01  -1.1556080e+00   8.6526870e-01  -6.3476115e-01  -6.7848605e-01   2.2217824e-01   1.6822367e+00
  -8.7901782e-01  -1.1660693e+00  -7.8002964e-02  -9.9413936e-01   1.7188603e+00  -3.9611395e-01   1.9951223e+00   7.0235028e-01   2.9141895e-01  -1.3540690e-01  -3.7836470e-01  -1.4216709e+00   4.4020512e-01  -1.1556080e+00   8.6526870e-01  -6.3476115e-01  -6.7848605e-01   2.2217824e-01   1.6822367e+00
  -8.7901782e-01  -1.1660693e+00  -7.8002964e-02  -9.9413936e-01   1.7188603e+00  -3.9611395e-01   1.9951223e+00   7.0235028e-01   2.9141895e-01  -1.3540690e-01  -3.7836470e-01  -1.4216709e+00   4.4020512e-01  -1.1556080e+00   8.6526870e-01  -6.3476115e-01  -6.7848605e-01   2.2217824e-01   1.6822367e+00
  -8.7901782e-01  -1.1660693e+00  -7.8002964e-02  -9.9413936e-01   1.7188603e+00  -3.9611395e-01   1.9951223e+00   7.0235028e-01   2.9141895e-01  -1.3540690e-01  -3.7836470e-01  -1.4216709e+00   4.4020512e-01  -1.1556080e+00   8.6526870e-01  -6.3476115e-01  -6.7848605e-01   2.2217824e-01   1.6822367e+00
  -8.7901782e-01  -1.1660693e+00  -7.8002964e-02  -9.9413936e-01   1.7188603e+00  -3.9611395e-01   1.9951223e+00   7.0235028e-01   2.9141895e-01  -1.3540690e-01  -3.7836470e-01  -1.4216709e+00   4.4020512e-01  -1.1556080e+00   8.6526870e-01  -6.3476115e-01  -6.7848605e-01   2.2217824e-01   1.6822367e+00
  -8.7901782e-01  -1.1660693e+00  -7.8002964e-02  -9.9413936e-01   1.7188603e+00  -3.9611395e-01   1.9951223e+00   7.0235028e-01   2.9141895e-01  -1.3540690e-01  -3.7836470e-01  -1.4216709e+00   4.4020512e-01  -1.1556080e+00   8.6526870e-01  -6.3476115e-01  -6.7848605e-01   2.2217824e-01   1.6822367e+00
  -8.7901782e-01  -1.1660693e+00  -7.8002964e-02  -9.9413936e-01   1.7188603e+00  -3.9611395e-01   1.9951223e+00   7.0235028e-01   2.9141895e-01  -1.3540690e-01  -3.7836470e-01  -1.4216709e+00   4.4020512e-01  -1.1556080e+00   8.6526870e-01  -6.3476115e-01  -6.7848605e-01   2.2217824e-01   1.6822367e+00
