   3.2123872e-01   6.3597114e-01  -2.3434069e-01   1.9706917e-01  -5.6588795e-01  -2.4390422e-02  -1.8274414e+00  -2.9008145e-01  -8.1822687e-01   4.0051119e-01   5.8520862e-01   1.1588086e+00   5.7921021e-02   7.7706898e-01  -2.1615559e+00  -4.4173320e-01  -3.3447772e-01   4.5737430e-03   2.5597521e+00
   3.2123872e-01   6.3597114e-01  -2.3434069e-01   1.9706917e-01  -5.6588795e-01  -2.4390422e-02  -1.8274414e+00  -2.9008145e-01  -8.1822687e-01   4.0051119e-01   5.8520862e-01   1.1588086e+00   5.7921021e-02   7.7706898e-01  -2.1615559e+00  -4.4173320e-01  -3.3447772e-01   4.5737430e-03   2.5597521e+00
   3.2123872e-01   6.3597114e-01  -2.3434069e-01   1.9706917e-01  -5.6588795e-01  -2.4390422e-02  -1.8274414e+00  -2.9008145e-01  -8.1822687e-01   4.0051119e-01   5.8520862e-01   1.1588086e+00   5.7921021e-02   7.7706898e-01  -2.1615559e+00  -4.4173320e-01  -3.3447772e-01   4.5737430e-03   2.5597521e+00
   3.2123872e-01   6.3597114e-01  -2.3434069e-01   1.9706917e-01  -5.6588795e-01  -2.4390422e-02  -1.8274414e+00  -2.9008145e-01  -8.1822687e-01   4.0051119e-01   5.8520862e-01   1.1588086e+00   5.7921021e-02   7.7706898e-01  -2.1615559e+00  -4.4173320e-01  -3.3447772e-01   4.5737430e-03   2.5597521e+00
   3.2123872e-01   6.3597114e-01  -2.3434069e-01   1.9706917e-01  -5.6588795e-01  -2.4390422e-02  -1.8274414e+00  -2.9008145e-01  -8.1822687e-01   4.0051119e-01   5.8520862e-01   1.1588086e+00   5.7921021e-02   7.7706898e-01  -2.1615559e+00  -4.4173320e-01  -3.3447772e-01   4.5737430e-03   2.5597521e+00
   3.2123872e-01   6.3597114e-01  -2.3434069e-01   1.9706917e-01  -5.6588795e-01  -2.4390422e-02  -1.8274414e+00  -2.9008145e-01  -8.1822687e-01   4.0051119e-01   5.8520862e-01   1.1588086e+00   5.7921021e-02   7.7706898e-01  -2.1615559e+00  -4.4173320e-01  -3.3447772e-01   4.5737430e-03   2.5597521e+00
   3.2123872e-01   6.3597114e-01  -2.3434069e-01   1.9706917e-01  -5.6588795e-01  -2.4390422e-02  -1.8274414e+00  -2.9008145e-01  -8.1822687e-01   4.0051119e-01   5.8520862e-01   1.1588086e+00   5.7921021e-02   7.7706898e-01  -2.1615559e+00  -4.4173320e-01  -3.3447772e-01   4.5737430e-03   2.5597521e+00
   3.2123872e-01   6.3597114e-01  -2.3434069e-01   1.9706917e-01  -5.6588795e-01  -2.4390422e-02  -1.8274414e+00  -2.9008145e-01  -8.1822687e-01   4.0051119e-01   5.8520862e-01   1.1588086e+00   5.7921021e-02   7.7706898e-01  -2.1615559e+00  -4.4173320e-01  -3.3447772e-01   4.5737430e-03   2.5597521e+00
   3.2123872e-01   6.3597114e-01  -2.3434069e-01   1.9706917e-01  -5.6588795e-01  -2.4390422e-02  -1.8274414e+00  -2.9008145e-01  -8.1822687e-01   4.0051119e-01   5.8520862e-01   1.1588086e+00   5.7921021e-02   7.7706898e-01  -2.1615559e+00  -4.4173320e-01  -3.3447772e-01   4.5737430e-03   2.5597521e+00
   3.2123872e-01   6.3597114e-01  -2.3434069e-01   1.9706917e-01  -5.6588795e-01  -2.4390422e-02  -1.8274414e+00  -2.9008145e-01  -8.1822687e-01   4.0051119e-01   5.8520862e-01   1.1588086e+00   5.7921021e-02   7.7706898e-01  -2.1615559e+00  -4.4173320e-01  -3.3447772e-01   4.5737430e-03   2.5597521e+00
