  -5.9815243e-01  -6.1149372e-01  -7.1860333e-01  -6.7808831e-01  -2.8183729e-01  -2.9310547e-01   8.9201162e-01   9.7067396e-01   1.5954457e+00   2.7940972e+00  -8.2089611e-01  -8.7952614e-01  -8.7274603e-01  -9.5403390e-01  -3.8625950e-04   7.7046826e-02  -7.1136216e-01  -9.0950553e-02   1.1818991e+00
  -5.9815243e-01  -6.1149372e-01  -7.1860333e-01  -6.7808831e-01  -2.8183729e-01  -2.9310547e-01   8.9201162e-01   9.7067396e-01   1.5954457e+00   2.7940972e+00  -8.2089611e-01  -8.7952614e-01  -8.7274603e-01  -9.5403390e-01  -3.8625950e-04   7.7046826e-02  -7.1136216e-01  -9.0950553e-02   1.1818991e+00
  -5.9815243e-01  -6.1149372e-01  -7.1860333e-01  -6.7808831e-01  -2.8183729e-01  -2.9310547e-01   8.9201162e-01   9.7067396e-01   1.5954457e+00   2.7940972e+00  -8.2089611e-01  -8.7952614e-01  -8.7274603e-01  -9.5403390e-01  -3.8625950e-04   7.7046826e-02  -7.1136216e-01  -9.0950553e-02   1.1818991e+00
  -5.9815243e-01  -6.1149372e-01  -7.1860333e-01  -6.7808831e-01  -2.8183729e-01  -2.9310547e-01   8.9201162e-01   9.7067396e-01   1.5954457e+00   2.7940972e+00  -8.2089611e-01  -8.7952614e-01  -8.7274603e-01  -9.5403390e-01  -3.8625950e-04   7.7046826e-02  -7.1136216e-01  -9.0950553e-02   1.1818991e+00
  -5.9815243e-01  -6.1149372e-01  -7.1860333e-01  -6.7808831e-01  -2.8183729e-01  -2.9310547e-01   8.9201162e-01   9.7067396e-01   1.5954457e+00   2.7940972e+00  -8.2089611e-01  -8.7952614e-01  -8.7274603e-01  -9.5403390e-01  -3.8625950e-04   7.7046826e-02  -7.1136216e-01  -9.0950553e-02   1.1818991e+00
  -5.9815243e-01  -6.1149372e-01  -7.1860333e-01  -6.7808831e-01  -2.8183729e-01  -2.9310547e-01   8.9201162e-01   9.7067396e-01   1.5954457e+00   2.7940972e+00  -8.2089611e-01  -8.7952614e-01  -8.7274603e-01  -9.5403390e-01  -3.8625950e-04   7.7046826e-02  -7.1136216e-01  -9.0950553e-02   1.1818991e+00
  -5.9815243e-01  -6.1149372e-01  -7.1860333e-01  -6.7808831e-01  -2.8183729e-01  -2.9310547e-01   8.9201162e-01   9.7067396e-01   1.5954457e+00   2.7940972e+00  -8.2089611e-01  -8.7952614e-01  -8.7274603e-01  -9.5403390e-01  -3.8625950e-04   7.7046826e-02  -7.1136216e-01  -9.0950553e-02   1.1818991e+00
  -5.9815243e-01  -6.1149372e-01  -7.1860333e-01  -6.7808831e-01  -2.8183729e-01  -2.9310547e-01   8.9201162e-01   9.7067396e-01   1.5954457e+00   2.7940972e+00  -8.2089611e-01  -8.7952614e-01  -8.7274603e-01  -9.5403390e-01  -3.8625950e-04   7.7046826e-02  -7.1136216e-01  -9.0950553e-02   1.1818991e+00
  -5.9815243e-01  -6.1149372e-01  -7.1860333e-01  -6.7808831e-01  -2.8183729e-01  -2.9310547e-01   8.9201162e-01   9.7067396e-01   1.5954457e+00   2.7940972e+00  -8.2089611e-01  -8.7952614e-01  -8.7274603e-01  -9.5403390e-01  -3.8625950e-04   7.7046826e-02  -7.1136216e-01  -9.0950553e-02   1.1818991e+00
  -5.9815243e-01  -6.1149372e-01  -7.1860333e-01  -6.7808831e-01  -2.8183729e-01  -2.9310547e-01   8.9201162e-01   9.7067396e-01   1.5954457e+00   2.7940972e+00  -8.2089611e-01  -8.7952614e-01  -8.7274603e-01  -9.5403390e-01  -3.8625950e-04   7.7046826e-02  -7.1136216e-01  -9.0950553e-02   1.1818991e+00
