  -2.0129812e+00  -2.1698287e+00  -7.2143414e-01  -9.1300098e-01   3.2018614e-01   1.4980904e-01   4.4206786e-01   3.8852225e-01   1.1138469e+00   1.2659545e+00  -5.4750909e-01  -7.1978442e-01   8.4159002e-01   6.4148330e-01   1.1441339e+00   1.3097705e+00  -7.6295015e-01   1.0208704e-01   1.2804264e-01
  -2.0129812e+00  -2.1698287e+00  -7.2143414e-01  -9.1300098e-01   3.2018614e-01   1.4980904e-01   4.4206786e-01   3.8852225e-01   1.1138469e+00   1.2659545e+00  -5.4750909e-01  -7.1978442e-01   8.4159002e-01   6.4148330e-01   1.1441339e+00   1.3097705e+00  -7.6295015e-01   1.0208704e-01   1.2804264e-01
  -2.0129812e+00  -2.1698287e+00  -7.2143414e-01  -9.1300098e-01   3.2018614e-01   1.4980904e-01   4.4206786e-01   3.8852225e-01   1.1138469e+00   1.2659545e+00  -5.4750909e-01  -7.1978442e-01   8.4159002e-01   6.4148330e-01   1.1441339e+00   1.3097705e+00  -7.6295015e-01   1.0208704e-01   1.2804264e-01
  -2.0129812e+00  -2.1698287e+00  -7.2143414e-01  -9.1300098e-01   3.2018614e-01   1.4980904e-01   4.4206786e-01   3.8852225e-01   1.1138469e+00   1.2659545e+00  -5.4750909e-01  -7.1978442e-01   8.4159002e-01   6.4148330e-01   1.1441339e+00   1.3097705e+00  -7.6295015e-01   1.0208704e-01   1.2804264e-01
  -2.0129812e+00  -2.1698287e+00  -7.2143414e-01  -9.1300098e-01   3.2018614e-01   1.4980904e-01   4.4206786e-01   3.8852225e-01   1.1138469e+00   1.2659545e+00  -5.4750909e-01  -7.1978442e-01   8.4159002e-01   6.4148330e-01   1.1441339e+00   1.3097705e+00  -7.6295015e-01   1.0208704e-01   1.2804264e-01
  -2.0129812e+00  -2.1698287e+00  -7.2143414e-01  -9.1300098e-01   3.2018614e-01   1.4980904e-01   4.4206786e-01   3.8852225e-01   1.1138469e+00   1.2659545e+00  -5.4750909e-01  -7.1978442e-01   8.4159002e-01   6.4148330e-01   1.1441339e+00   1.3097705e+00  -7.6295015e-01   1.0208704e-01   1.2804264e-01
  -2.0129812e+00  -2.1698287e+00  -7.2143414e-01  -9.1300098e-01   3.2018614e-01   1.4980904e-01   4.4206786e-01   3.8852225e-01   1.1138469e+00   1.2659545e+00  -5.4750909e-01  -7.1978442e-01   8.4159002e-01   6.4148330e-01   1.1441339e+00   1.3097705e+00  -7.6295015e-01   1.0208704e-01   1.2804264e-01
  -2.0129812e+00  -2.1698287e+00  -7.2143414e-01  -9.1300098e-01   3.2018614e-01   1.4980904e-01   4.4206786e-01   3.8852225e-01   1.1138469e+00   1.2659545e+00  -5.4750909e-01  -7.1978442e-01   8.4159002e-01   6.4148330e-01   1.1441339e+00   1.3097705e+00  -7.6295015e-01   1.0208704e-01   1.2804264e-01
  -2.0129812e+00  -2.1698287e+00  -7.2143414e-01  -9.1300098e-01   3.2018614e-01   1.4980904e-01   4.4206786e-01   3.8852225e-01   1.1138469e+00   1.2659545e+00  -5.4750909e-01  -7.1978442e-01   8.4159002e-01   6.4148330e-01   1.1441339e+00   1.3097705e+00  -7.6295015e-01   1.0208704e-01   1.2804264e-01
  -2.0129812e+00  -2.1698287e+00  -7.2143414e-01  -9.1300098e-01   3.2018614e-01   1.4980904e-01   4.4206786e-01   3.8852225e-01   1.1138469e+00   1.2659545e+00  -5.4750909e-01  -7.1978442e-01   8.4159002e-01   6.4148330e-01   1.1441339e+00   1.3097705e+00  -7.6295015e-01   1.0208704e-01   1.2804264e-01
