  -1.2808692e+00  -1.1549700e+00  -6.2361529e-01  -5.1274188e-02   3.2891704e-01   1.9795293e+00   1.1222788e+00   1.7962406e+00  -1.8273202e-01  -2.9582107e-01  -1.3581807e+00  -6.8149118e-01  -1.0412946e+00  -8.5666502e-02  -3.6620840e-01  -1.5201294e-01  -3.7163838e-01   7.7415977e-01   1.6446599e+00
  -1.2808692e+00  -1.1549700e+00  -6.2361529e-01  -5.1274188e-02   3.2891704e-01   1.9795293e+00   1.1222788e+00   1.7962406e+00  -1.8273202e-01  -2.9582107e-01  -1.3581807e+00  -6.8149118e-01  -1.0412946e+00  -8.5666502e-02  -3.6620840e-01  -1.5201294e-01  -3.7163838e-01   7.7415977e-01   1.6446599e+00
  -1.2808692e+00  -1.1549700e+00  -6.2361529e-01  -5.1274188e-02   3.2891704e-01   1.9795293e+00   1.1222788e+00   1.7962406e+00  -1.8273202e-01  -2.9582107e-01  -1.3581807e+00  -6.8149118e-01  -1.0412946e+00  -8.5666502e-02  -3.6620840e-01  -1.5201294e-01  -3.7163838e-01   7.7415977e-01   1.6446599e+00
  -1.2808692e+00  -1.1549700e+00  -6.2361529e-01  -5.1274188e-02   3.2891704e-01   1.9795293e+00   1.1222788e+00   1.7962406e+00  -1.8273202e-01  -2.9582107e-01  -1.3581807e+00  -6.8149118e-01  -1.0412946e+00  -8.5666502e-02  -3.6620840e-01  -1.5201294e-01  -3.7163838e-01   7.7415977e-01   1.6446599e+00
  -1.2808692e+00  -1.1549700e+00  -6.2361529e-01  -5.1274188e-02   3.2891704e-01   1.9795293e+00   1.1222788e+00   1.7962406e+00  -1.8273202e-01  -2.9582107e-01  -1.3581807e+00  -6.8149118e-01  -1.0412946e+00  -8.5666502e-02  -3.6620840e-01  -1.5201294e-01  -3.7163838e-01   7.7415977e-01   1.6446599e+00
  -1.2808692e+00  -1.1549700e+00  -6.2361529e-01  -5.1274188e-02   3.2891704e-01   1.9795293e+00   1.1222788e+00   1.7962406e+00  -1.8273202e-01  -2.9582107e-01  -1.3581807e+00  -6.8149118e-01  -1.0412946e+00  -8.5666502e-02  -3.6620840e-01  -1.5201294e-01  -3.7163838e-01   7.7415977e-01   1.6446599e+00
  -1.2808692e+00  -1.1549700e+00  -6.2361529e-01  -5.1274188e-02   3.2891704e-01   1.9795293e+00   1.1222788e+00   1.7962406e+00  -1.8273202e-01  -2.9582107e-01  -1.3581807e+00  -6.8149118e-01  -1.0412946e+00  -8.5666502e-02  -3.6620840e-01  -1.5201294e-01  -3.7163838e-01   7.7415977e-01   1.6446599e+00
  -1.2808692e+00  -1.1549700e+00  -6.2361529e-01  -5.1274188e-02   3.2891704e-01   1.9795293e+00   1.1222788e+00   1.7962406e+00  -1.8273202e-01  -2.9582107e-01  -1.3581807e+00  -6.8149118e-01  -1.0412946e+00  -8.5666502e-02  -3.6620840e-01  -1.5201294e-01  -3.7163838e-01   7.7415977e-01   1.6446599e+00
  -1.2808692e+00  -1.1549700e+00  -6.2361529e-01  -5.1274188e-02   3.2891704e-01   1.9795293e+00   1.1222788e+00   1.7962406e+00  -1.8273202e-01  -2.9582107e-01  -1.3581807e+00  -6.8149118e-01  -1.0412946e+00  -8.5666502e-02  -3.6620840e-01  -1.5201294e-01  -3.7163838e-01   7.7415977e-01   1.6446599e+00
  -1.2808692e+00  -1.1549700e+00  -6.2361529e-01  -5.1274188e-02   3.2891704e-01   1.9795293e+00   1.1222788e+00   1.7962406e+00  -1.8273202e-01  -2.9582107e-01  -1.3581807e+00  -6.8149118e-01  -1.0412946e+00  -8.5666502e-02  -3.6620840e-01  -1.5201294e-01  -3.7163838e-01   7.7415977e-01   1.6446599e+00
