   1.1871938e+00   3.6920822e+00  -9.8542883e-01  -1.0859694e+00  -2.4945246e-01  -2.6976432e-01  -4.8647974e-01  -4.0903942e-01  -5.3335185e-02   1.6415114e-02   2.2935482e-02  -4.3631173e-01   1.5927644e-01   1.1051020e-01   1.2282683e-01   2.9799309e-01  -5.3956667e-01  -3.9719868e-01  -6.9667095e-01
   1.1871938e+00   3.6920822e+00  -9.8542883e-01  -1.0859694e+00  -2.4945246e-01  -2.6976432e-01  -4.8647974e-01  -4.0903942e-01  -5.3335185e-02   1.6415114e-02   2.2935482e-02  -4.3631173e-01   1.5927644e-01   1.1051020e-01   1.2282683e-01   2.9799309e-01  -5.3956667e-01  -3.9719868e-01  -6.9667095e-01
   1.1871938e+00   3.6920822e+00  -9.8542883e-01  -1.0859694e+00  -2.4945246e-01  -2.6976432e-01  -4.8647974e-01  -4.0903942e-01  -5.3335185e-02   1.6415114e-02   2.2935482e-02  -4.3631173e-01   1.5927644e-01   1.1051020e-01   1.2282683e-01   2.9799309e-01  -5.3956667e-01  -3.9719868e-01  -6.9667095e-01
   1.1871938e+00   3.6920822e+00  -9.8542883e-01  -1.0859694e+00  -2.4945246e-01  -2.6976432e-01  -4.8647974e-01  -4.0903942e-01  -5.3335185e-02   1.6415114e-02   2.2935482e-02  -4.3631173e-01   1.5927644e-01   1.1051020e-01   1.2282683e-01   2.9799309e-01  -5.3956667e-01  -3.9719868e-01  -6.9667095e-01
   1.1871938e+00   3.6920822e+00  -9.8542883e-01  -1.0859694e+00  -2.4945246e-01  -2.6976432e-01  -4.8647974e-01  -4.0903942e-01  -5.3335185e-02   1.6415114e-02   2.2935482e-02  -4.3631173e-01   1.5927644e-01   1.1051020e-01   1.2282683e-01   2.9799309e-01  -5.3956667e-01  -3.9719868e-01  -6.9667095e-01
   1.1871938e+00   3.6920822e+00  -9.8542883e-01  -1.0859694e+00  -2.4945246e-01  -2.6976432e-01  -4.8647974e-01  -4.0903942e-01  -5.3335185e-02   1.6415114e-02   2.2935482e-02  -4.3631173e-01   1.5927644e-01   1.1051020e-01   1.2282683e-01   2.9799309e-01  -5.3956667e-01  -3.9719868e-01  -6.9667095e-01
   1.1871938e+00   3.6920822e+00  -9.8542883e-01  -1.0859694e+00  -2.4945246e-01  -2.6976432e-01  -4.8647974e-01  -4.0903942e-01  -5.3335185e-02   1.6415114e-02   2.2935482e-02  -4.3631173e-01   1.5927644e-01   1.1051020e-01   1.2282683e-01   2.9799309e-01  -5.3956667e-01  -3.9719868e-01  -6.9667095e-01
   1.1871938e+00   3.6920822e+00  -9.8542883e-01  -1.0859694e+00  -2.4945246e-01  -2.6976432e-01  -4.8647974e-01  -4.0903942e-01  -5.3335185e-02   1.6415114e-02   2.2935482e-02  -4.3631173e-01   1.5927644e-01   1.1051020e-01   1.2282683e-01   2.9799309e-01  -5.3956667e-01  -3.9719868e-01  -6.9667095e-01
   1.1871938e+00   3.6920822e+00  -9.8542883e-01  -1.0859694e+00  -2.4945246e-01  -2.6976432e-01  -4.8647974e-01  -4.0903942e-01  -5.3335185e-02   1.6415114e-02   2.2935482e-02  -4.3631173e-01   1.5927644e-01   1.1051020e-01   1.2282683e-01   2.9799309e-01  -5.3956667e-01  -3.9719868e-01  -6.9667095e-01
   1.1871938e+00   3.6920822e+00  -9.8542883e-01  -1.0859694e+00  -2.4945246e-01  -2.6976432e-01  -4.8647974e-01  -4.0903942e-01  -5.3335185e-02   1.6415114e-02   2.2935482e-02  -4.3631173e-01   1.5927644e-01   1.1051020e-01   1.2282683e-01   2.9799309e-01  -5.3956667e-01  -3.9719868e-01  -6.9667095e-01
