  -3.7042722e-01  -4.2394896e-01  -5.0353629e-01  -4.3949233e-01  -1.3018600e-01   5.6304770e-02   2.1408789e-01   1.4975628e-01  -1.9684817e-01  -4.0746239e-01  -2.8255684e-01  -1.5822878e-01  -2.9917071e-01   4.0893113e+00  -3.7077067e-01  -7.0704440e-01  -4.7288071e-01  -1.3165942e-01   3.8472941e-01
  -3.7042722e-01  -4.2394896e-01  -5.0353629e-01  -4.3949233e-01  -1.3018600e-01   5.6304770e-02   2.1408789e-01   1.4975628e-01  -1.9684817e-01  -4.0746239e-01  -2.8255684e-01  -1.5822878e-01  -2.9917071e-01   4.0893113e+00  -3.7077067e-01  -7.0704440e-01  -4.7288071e-01  -1.3165942e-01   3.8472941e-01
  -3.7042722e-01  -4.2394896e-01  -5.0353629e-01  -4.3949233e-01  -1.3018600e-01   5.6304770e-02   2.1408789e-01   1.4975628e-01  -1.9684817e-01  -4.0746239e-01  -2.8255684e-01  -1.5822878e-01  -2.9917071e-01   4.0893113e+00  -3.7077067e-01  -7.0704440e-01  -4.7288071e-01  -1.3165942e-01   3.8472941e-01
  -3.7042722e-01  -4.2394896e-01  -5.0353629e-01  -4.3949233e-01  -1.3018600e-01   5.6304770e-02   2.1408789e-01   1.4975628e-01  -1.9684817e-01  -4.0746239e-01  -2.8255684e-01  -1.5822878e-01  -2.9917071e-01   4.0893113e+00  -3.7077067e-01  -7.0704440e-01  -4.7288071e-01  -1.3165942e-01   3.8472941e-01
  -3.7042722e-01  -4.2394896e-01  -5.0353629e-01  -4.3949233e-01  -1.3018600e-01   5.6304770e-02   2.1408789e-01   1.4975628e-01  -1.9684817e-01  -4.0746239e-01  -2.8255684e-01  -1.5822878e-01  -2.9917071e-01   4.0893113e+00  -3.7077067e-01  -7.0704440e-01  -4.7288071e-01  -1.3165942e-01   3.8472941e-01
  -3.7042722e-01  -4.2394896e-01  -5.0353629e-01  -4.3949233e-01  -1.3018600e-01   5.6304770e-02   2.1408789e-01   1.4975628e-01  -1.9684817e-01  -4.0746239e-01  -2.8255684e-01  -1.5822878e-01  -2.9917071e-01   4.0893113e+00  -3.7077067e-01  -7.0704440e-01  -4.7288071e-01  -1.3165942e-01   3.8472941e-01
  -3.7042722e-01  -4.2394896e-01  -5.0353629e-01  -4.3949233e-01  -1.3018600e-01   5.6304770e-02   2.1408789e-01   1.4975628e-01  -1.9684817e-01  -4.0746239e-01  -2.8255684e-01  -1.5822878e-01  -2.9917071e-01   4.0893113e+00  -3.7077067e-01  -7.0704440e-01  -4.7288071e-01  -1.3165942e-01   3.8472941e-01
  -3.7042722e-01  -4.2394896e-01  -5.0353629e-01  -4.3949233e-01  -1.3018600e-01   5.6304770e-02   2.1408789e-01   1.4975628e-01  -1.9684817e-01  -4.0746239e-01  -2.8255684e-01  -1.5822878e-01  -2.9917071e-01   4.0893113e+00  -3.7077067e-01  -7.0704440e-01  -4.7288071e-01  -1.3165942e-01   3.8472941e-01
  -3.7042722e-01  -4.2394896e-01  -5.0353629e-01  -4.3949233e-01  -1.3018600e-01   5.6304770e-02   2.1408789e-01   1.4975628e-01  -1.9684817e-01  -4.0746239e-01  -2.8255684e-01  -1.5822878e-01  -2.9917071e-01   4.0893113e+00  -3.7077067e-01  -7.0704440e-01  -4.7288071e-01  -1.3165942e-01   3.8472941e-01
  -3.7042722e-01  -4.2394896e-01  -5.0353629e-01  -4.3949233e-01  -1.3018600e-01   5.6304770e-02   2.1408789e-01   1.4975628e-01  -1.9684817e-01  -4.0746239e-01  -2.8255684e-01  -1.5822878e-01  -2.9917071e-01   4.0893113e+00  -3.7077067e-01  -7.0704440e-01  -4.7288071e-01  -1.3165942e-01   3.8472941e-01
