  -1.4511684e-01  -5.2516595e-01  -4.5493883e-01  -8.8071949e-01   5.9967374e-01  -5.7262963e-01   1.1876411e+00   1.3179081e-01  -1.0224700e-01  -5.6643634e-01   1.3002599e-01  -8.1488035e-01   3.3618338e+00  -5.8386375e-01   3.2840021e-01  -1.1923413e+00  -6.9693399e-01  -1.5797116e-01   9.5387155e-01
  -1.4511684e-01  -5.2516595e-01  -4.5493883e-01  -8.8071949e-01   5.9967374e-01  -5.7262963e-01   1.1876411e+00   1.3179081e-01  -1.0224700e-01  -5.6643634e-01   1.3002599e-01  -8.1488035e-01   3.3618338e+00  -5.8386375e-01   3.2840021e-01  -1.1923413e+00  -6.9693399e-01  -1.5797116e-01   9.5387155e-01
  -1.4511684e-01  -5.2516595e-01  -4.5493883e-01  -8.8071949e-01   5.9967374e-01  -5.7262963e-01   1.1876411e+00   1.3179081e-01  -1.0224700e-01  -5.6643634e-01   1.3002599e-01  -8.1488035e-01   3.3618338e+00  -5.8386375e-01   3.2840021e-01  -1.1923413e+00  -6.9693399e-01  -1.5797116e-01   9.5387155e-01
  -1.4511684e-01  -5.2516595e-01  -4.5493883e-01  -8.8071949e-01   5.9967374e-01  -5.7262963e-01   1.1876411e+00   1.3179081e-01  -1.0224700e-01  -5.6643634e-01   1.3002599e-01  -8.1488035e-01   3.3618338e+00  -5.8386375e-01   3.2840021e-01  -1.1923413e+00  -6.9693399e-01  -1.5797116e-01   9.5387155e-01
  -1.4511684e-01  -5.2516595e-01  -4.5493883e-01  -8.8071949e-01   5.9967374e-01  -5.7262963e-01   1.1876411e+00   1.3179081e-01  -1.0224700e-01  -5.6643634e-01   1.3002599e-01  -8.1488035e-01   3.3618338e+00  -5.8386375e-01   3.2840021e-01  -1.1923413e+00  -6.9693399e-01  -1.5797116e-01   9.5387155e-01
  -1.4511684e-01  -5.2516595e-01  -4.5493883e-01  -8.8071949e-01   5.9967374e-01  -5.7262963e-01   1.1876411e+00   1.3179081e-01  -1.0224700e-01  -5.6643634e-01   1.3002599e-01  -8.1488035e-01   3.3618338e+00  -5.8386375e-01   3.2840021e-01  -1.1923413e+00  -6.9693399e-01  -1.5797116e-01   9.5387155e-01
  -1.4511684e-01  -5.2516595e-01  -4.5493883e-01  -8.8071949e-01   5.9967374e-01  -5.7262963e-01   1.1876411e+00   1.3179081e-01  -1.0224700e-01  -5.6643634e-01   1.3002599e-01  -8.1488035e-01   3.3618338e+00  -5.8386375e-01   3.2840021e-01  -1.1923413e+00  -6.9693399e-01  -1.5797116e-01   9.5387155e-01
  -1.4511684e-01  -5.2516595e-01  -4.5493883e-01  -8.8071949e-01   5.9967374e-01  -5.7262963e-01   1.1876411e+00   1.3179081e-01  -1.0224700e-01  -5.6643634e-01   1.3002599e-01  -8.1488035e-01   3.3618338e+00  -5.8386375e-01   3.2840021e-01  -1.1923413e+00  -6.9693399e-01  -1.5797116e-01   9.5387155e-01
  -1.4511684e-01  -5.2516595e-01  -4.5493883e-01  -8.8071949e-01   5.9967374e-01  -5.7262963e-01   1.1876411e+00   1.3179081e-01  -1.0224700e-01  -5.6643634e-01   1.3002599e-01  -8.1488035e-01   3.3618338e+00  -5.8386375e-01   3.2840021e-01  -1.1923413e+00  -6.9693399e-01  -1.5797116e-01   9.5387155e-01
  -1.4511684e-01  -5.2516595e-01  -4.5493883e-01  -8.8071949e-01   5.9967374e-01  -5.7262963e-01   1.1876411e+00   1.3179081e-01  -1.0224700e-01  -5.6643634e-01   1.3002599e-01  -8.1488035e-01   3.3618338e+00  -5.8386375e-01   3.2840021e-01  -1.1923413e+00  -6.9693399e-01  -1.5797116e-01   9.5387155e-01
