   7.7380260e-01   5.8621717e-01   1.0614740e+00   6.7831416e-01   1.4621100e-01  -2.4675486e-01   3.4407139e-02  -8.4417629e-02  -1.1222372e-01   2.9888187e-03  -9.8701009e-01  -1.2293824e+00  -1.1657990e+00  -1.6864495e+00  -9.4636023e-01  -1.1109211e+00   2.3902725e+00   8.0826725e-01   1.0873598e+00
   7.7380260e-01   5.8621717e-01   1.0614740e+00   6.7831416e-01   1.4621100e-01  -2.4675486e-01   3.4407139e-02  -8.4417629e-02  -1.1222372e-01   2.9888187e-03  -9.8701009e-01  -1.2293824e+00  -1.1657990e+00  -1.6864495e+00  -9.4636023e-01  -1.1109211e+00   2.3902725e+00   8.0826725e-01   1.0873598e+00
   7.7380260e-01   5.8621717e-01   1.0614740e+00   6.7831416e-01   1.4621100e-01  -2.4675486e-01   3.4407139e-02  -8.4417629e-02  -1.1222372e-01   2.9888187e-03  -9.8701009e-01  -1.2293824e+00  -1.1657990e+00  -1.6864495e+00  -9.4636023e-01  -1.1109211e+00   2.3902725e+00   8.0826725e-01   1.0873598e+00
   7.7380260e-01   5.8621717e-01   1.0614740e+00   6.7831416e-01   1.4621100e-01  -2.4675486e-01   3.4407139e-02  -8.4417629e-02  -1.1222372e-01   2.9888187e-03  -9.8701009e-01  -1.2293824e+00  -1.1657990e+00  -1.6864495e+00  -9.4636023e-01  -1.1109211e+00   2.3902725e+00   8.0826725e-01   1.0873598e+00
   7.7380260e-01   5.8621717e-01   1.0614740e+00   6.7831416e-01   1.4621100e-01  -2.4675486e-01   3.4407139e-02  -8.4417629e-02  -1.1222372e-01   2.9888187e-03  -9.8701009e-01  -1.2293824e+00  -1.1657990e+00  -1.6864495e+00  -9.4636023e-01  -1.1109211e+00   2.3902725e+00   8.0826725e-01   1.0873598e+00
   7.7380260e-01   5.8621717e-01   1.0614740e+00   6.7831416e-01   1.4621100e-01  -2.4675486e-01   3.4407139e-02  -8.4417629e-02  -1.1222372e-01   2.9888187e-03  -9.8701009e-01  -1.2293824e+00  -1.1657990e+00  -1.6864495e+00  -9.4636023e-01  -1.1109211e+00   2.3902725e+00   8.0826725e-01   1.0873598e+00
   7.7380260e-01   5.8621717e-01   1.0614740e+00   6.7831416e-01   1.4621100e-01  -2.4675486e-01   3.4407139e-02  -8.4417629e-02  -1.1222372e-01   2.9888187e-03  -9.8701009e-01  -1.2293824e+00  -1.1657990e+00  -1.6864495e+00  -9.4636023e-01  -1.1109211e+00   2.3902725e+00   8.0826725e-01   1.0873598e+00
   7.7380260e-01   5.8621717e-01   1.0614740e+00   6.7831416e-01   1.4621100e-01  -2.4675486e-01   3.4407139e-02  -8.4417629e-02  -1.1222372e-01   2.9888187e-03  -9.8701009e-01  -1.2293824e+00  -1.1657990e+00  -1.6864495e+00  -9.4636023e-01  -1.1109211e+00   2.3902725e+00   8.0826725e-01   1.0873598e+00
   7.7380260e-01   5.8621717e-01   1.0614740e+00   6.7831416e-01   1.4621100e-01  -2.4675486e-01   3.4407139e-02  -8.4417629e-02  -1.1222372e-01   2.9888187e-03  -9.8701009e-01  -1.2293824e+00  -1.1657990e+00  -1.6864495e+00  -9.4636023e-01  -1.1109211e+00   2.3902725e+00   8.0826725e-01   1.0873598e+00
   7.7380260e-01   5.8621717e-01   1.0614740e+00   6.7831416e-01   1.4621100e-01  -2.4675486e-01   3.4407139e-02  -8.4417629e-02  -1.1222372e-01   2.9888187e-03  -9.8701009e-01  -1.2293824e+00  -1.1657990e+00  -1.6864495e+00  -9.4636023e-01  -1.1109211e+00   2.3902725e+00   8.0826725e-01   1.0873598e+00
