   6.0603406e-01   7.2525890e-01  -1.4828789e+00  -1.9618367e+00  -2.9735525e-01  -5.4064175e-01   2.8347943e-01   1.8204183e-01   2.3055569e-02  -3.0017575e-02   1.1801325e+00   2.9457757e+00  -2.4254529e-02  -2.4460480e-01   2.8815299e-03  -3.3734752e-01  -9.8634749e-01  -4.3700763e-01   3.9363407e-01
   6.0603406e-01   7.2525890e-01  -1.4828789e+00  -1.9618367e+00  -2.9735525e-01  -5.4064175e-01   2.8347943e-01   1.8204183e-01   2.3055569e-02  -3.0017575e-02   1.1801325e+00   2.9457757e+00  -2.4254529e-02  -2.4460480e-01   2.8815299e-03  -3.3734752e-01  -9.8634749e-01  -4.3700763e-01   3.9363407e-01
   6.0603406e-01   7.2525890e-01  -1.4828789e+00  -1.9618367e+00  -2.9735525e-01  -5.4064175e-01   2.8347943e-01   1.8204183e-01   2.3055569e-02  -3.0017575e-02   1.1801325e+00   2.9457757e+00  -2.4254529e-02  -2.4460480e-01   2.8815299e-03  -3.3734752e-01  -9.8634749e-01  -4.3700763e-01   3.9363407e-01
   6.0603406e-01   7.2525890e-01  -1.4828789e+00  -1.9618367e+00  -2.9735525e-01  -5.4064175e-01   2.8347943e-01   1.8204183e-01   2.3055569e-02  -3.0017575e-02   1.1801325e+00   2.9457757e+00  -2.4254529e-02  -2.4460480e-01   2.8815299e-03  -3.3734752e-01  -9.8634749e-01  -4.3700763e-01   3.9363407e-01
   6.0603406e-01   7.2525890e-01  -1.4828789e+00  -1.9618367e+00  -2.9735525e-01  -5.4064175e-01   2.8347943e-01   1.8204183e-01   2.3055569e-02  -3.0017575e-02   1.1801325e+00   2.9457757e+00  -2.4254529e-02  -2.4460480e-01   2.8815299e-03  -3.3734752e-01  -9.8634749e-01  -4.3700763e-01   3.9363407e-01
   6.0603406e-01   7.2525890e-01  -1.4828789e+00  -1.9618367e+00  -2.9735525e-01  -5.4064175e-01   2.8347943e-01   1.8204183e-01   2.3055569e-02  -3.0017575e-02   1.1801325e+00   2.9457757e+00  -2.4254529e-02  -2.4460480e-01   2.8815299e-03  -3.3734752e-01  -9.8634749e-01  -4.3700763e-01   3.9363407e-01
   6.0603406e-01   7.2525890e-01  -1.4828789e+00  -1.9618367e+00  -2.9735525e-01  -5.4064175e-01   2.8347943e-01   1.8204183e-01   2.3055569e-02  -3.0017575e-02   1.1801325e+00   2.9457757e+00  -2.4254529e-02  -2.4460480e-01   2.8815299e-03  -3.3734752e-01  -9.8634749e-01  -4.3700763e-01   3.9363407e-01
   6.0603406e-01   7.2525890e-01  -1.4828789e+00  -1.9618367e+00  -2.9735525e-01  -5.4064175e-01   2.8347943e-01   1.8204183e-01   2.3055569e-02  -3.0017575e-02   1.1801325e+00   2.9457757e+00  -2.4254529e-02  -2.4460480e-01   2.8815299e-03  -3.3734752e-01  -9.8634749e-01  -4.3700763e-01   3.9363407e-01
   6.0603406e-01   7.2525890e-01  -1.4828789e+00  -1.9618367e+00  -2.9735525e-01  -5.4064175e-01   2.8347943e-01   1.8204183e-01   2.3055569e-02  -3.0017575e-02   1.1801325e+00   2.9457757e+00  -2.4254529e-02  -2.4460480e-01   2.8815299e-03  -3.3734752e-01  -9.8634749e-01  -4.3700763e-01   3.9363407e-01
   6.0603406e-01   7.2525890e-01  -1.4828789e+00  -1.9618367e+00  -2.9735525e-01  -5.4064175e-01   2.8347943e-01   1.8204183e-01   2.3055569e-02  -3.0017575e-02   1.1801325e+00   2.9457757e+00  -2.4254529e-02  -2.4460480e-01   2.8815299e-03  -3.3734752e-01  -9.8634749e-01  -4.3700763e-01   3.9363407e-01
