   9.0268328e-01  -6.0218380e-01   5.0165976e-01  -9.0339070e-01   2.3036725e-01  -5.0228353e-01   2.5051201e-02  -2.4812086e-01  -9.2704325e-02  -1.5010163e-01   3.3924599e+00  -1.7576893e+00   8.2023443e-01  -8.8903261e-01   1.8738490e-01  -4.0752267e-01  -2.0807420e-01  -2.0211802e-01  -9.6605292e-02
   9.0268328e-01  -6.0218380e-01   5.0165976e-01  -9.0339070e-01   2.3036725e-01  -5.0228353e-01   2.5051201e-02  -2.4812086e-01  -9.2704325e-02  -1.5010163e-01   3.3924599e+00  -1.7576893e+00   8.2023443e-01  -8.8903261e-01   1.8738490e-01  -4.0752267e-01  -2.0807420e-01  -2.0211802e-01  -9.6605292e-02
   9.0268328e-01  -6.0218380e-01   5.0165976e-01  -9.0339070e-01   2.3036725e-01  -5.0228353e-01   2.5051201e-02  -2.4812086e-01  -9.2704325e-02  -1.5010163e-01   3.3924599e+00  -1.7576893e+00   8.2023443e-01  -8.8903261e-01   1.8738490e-01  -4.0752267e-01  -2.0807420e-01  -2.0211802e-01  -9.6605292e-02
   9.0268328e-01  -6.0218380e-01   5.0165976e-01  -9.0339070e-01   2.3036725e-01  -5.0228353e-01   2.5051201e-02  -2.4812086e-01  -9.2704325e-02  -1.5010163e-01   3.3924599e+00  -1.7576893e+00   8.2023443e-01  -8.8903261e-01   1.8738490e-01  -4.0752267e-01  -2.0807420e-01  -2.0211802e-01  -9.6605292e-02
   9.0268328e-01  -6.0218380e-01   5.0165976e-01  -9.0339070e-01   2.3036725e-01  -5.0228353e-01   2.5051201e-02  -2.4812086e-01  -9.2704325e-02  -1.5010163e-01   3.3924599e+00  -1.7576893e+00   8.2023443e-01  -8.8903261e-01   1.8738490e-01  -4.0752267e-01  -2.0807420e-01  -2.0211802e-01  -9.6605292e-02
   9.0268328e-01  -6.0218380e-01   5.0165976e-01  -9.0339070e-01   2.3036725e-01  -5.0228353e-01   2.5051201e-02  -2.4812086e-01  -9.2704325e-02  -1.5010163e-01   3.3924599e+00  -1.7576893e+00   8.2023443e-01  -8.8903261e-01   1.8738490e-01  -4.0752267e-01  -2.0807420e-01  -2.0211802e-01  -9.6605292e-02
   9.0268328e-01  -6.0218380e-01   5.0165976e-01  -9.0339070e-01   2.3036725e-01  -5.0228353e-01   2.5051201e-02  -2.4812086e-01  -9.2704325e-02  -1.5010163e-01   3.3924599e+00  -1.7576893e+00   8.2023443e-01  -8.8903261e-01   1.8738490e-01  -4.0752267e-01  -2.0807420e-01  -2.0211802e-01  -9.6605292e-02
   9.0268328e-01  -6.0218380e-01   5.0165976e-01  -9.0339070e-01   2.3036725e-01  -5.0228353e-01   2.5051201e-02  -2.4812086e-01  -9.2704325e-02  -1.5010163e-01   3.3924599e+00  -1.7576893e+00   8.2023443e-01  -8.8903261e-01   1.8738490e-01  -4.0752267e-01  -2.0807420e-01  -2.0211802e-01  -9.6605292e-02
   9.0268328e-01  -6.0218380e-01   5.0165976e-01  -9.0339070e-01   2.3036725e-01  -5.0228353e-01   2.5051201e-02  -2.4812086e-01  -9.2704325e-02  -1.5010163e-01   3.3924599e+00  -1.7576893e+00   8.2023443e-01  -8.8903261e-01   1.8738490e-01  -4.0752267e-01  -2.0807420e-01  -2.0211802e-01  -9.6605292e-02
   9.0268328e-01  -6.0218380e-01   5.0165976e-01  -9.0339070e-01   2.3036725e-01  -5.0228353e-01   2.5051201e-02  -2.4812086e-01  -9.2704325e-02  -1.5010163e-01   3.3924599e+00  -1.7576893e+00   8.2023443e-01  -8.8903261e-01   1.8738490e-01  -4.0752267e-01  -2.0807420e-01  -2.0211802e-01  -9.6605292e-02
