  -8.8506063e-01  -9.0496858e-01  -7.6056639e-01  -8.9831759e-01  -1.9003933e-01  -5.8826246e-01   1.6080605e+00   5.3031133e-01   1.2844533e+00   5.4560215e-01  -6.4648408e-01  -9.9159603e-01   2.5257083e-01  -7.3616931e-01   2.5443859e+00  -1.3105025e-01  -8.6755476e-01  -3.6255569e-01   1.1972437e+00
  -8.8506063e-01  -9.0496858e-01  -7.6056639e-01  -8.9831759e-01  -1.9003933e-01  -5.8826246e-01   1.6080605e+00   5.3031133e-01   1.2844533e+00   5.4560215e-01  -6.4648408e-01  -9.9159603e-01   2.5257083e-01  -7.3616931e-01   2.5443859e+00  -1.3105025e-01  -8.6755476e-01  -3.6255569e-01   1.1972437e+00
  -8.8506063e-01  -9.0496858e-01  -7.6056639e-01  -8.9831759e-01  -1.9003933e-01  -5.8826246e-01   1.6080605e+00   5.3031133e-01   1.2844533e+00   5.4560215e-01  -6.4648408e-01  -9.9159603e-01   2.5257083e-01  -7.3616931e-01   2.5443859e+00  -1.3105025e-01  -8.6755476e-01  -3.6255569e-01   1.1972437e+00
  -8.8506063e-01  -9.0496858e-01  -7.6056639e-01  -8.9831759e-01  -1.9003933e-01  -5.8826246e-01   1.6080605e+00   5.3031133e-01   1.2844533e+00   5.4560215e-01  -6.4648408e-01  -9.9159603e-01   2.5257083e-01  -7.3616931e-01   2.5443859e+00  -1.3105025e-01  -8.6755476e-01  -3.6255569e-01   1.1972437e+00
  -8.8506063e-01  -9.0496858e-01  -7.6056639e-01  -8.9831759e-01  -1.9003933e-01  -5.8826246e-01   1.6080605e+00   5.3031133e-01   1.2844533e+00   5.4560215e-01  -6.4648408e-01  -9.9159603e-01   2.5257083e-01  -7.3616931e-01   2.5443859e+00  -1.3105025e-01  -8.6755476e-01  -3.6255569e-01   1.1972437e+00
  -8.8506063e-01  -9.0496858e-01  -7.6056639e-01  -8.9831759e-01  -1.9003933e-01  -5.8826246e-01   1.6080605e+00   5.3031133e-01   1.2844533e+00   5.4560215e-01  -6.4648408e-01  -9.9159603e-01   2.5257083e-01  -7.3616931e-01   2.5443859e+00  -1.3105025e-01  -8.6755476e-01  -3.6255569e-01   1.1972437e+00
  -8.8506063e-01  -9.0496858e-01  -7.6056639e-01  -8.9831759e-01  -1.9003933e-01  -5.8826246e-01   1.6080605e+00   5.3031133e-01   1.2844533e+00   5.4560215e-01  -6.4648408e-01  -9.9159603e-01   2.5257083e-01  -7.3616931e-01   2.5443859e+00  -1.3105025e-01  -8.6755476e-01  -3.6255569e-01   1.1972437e+00
  -8.8506063e-01  -9.0496858e-01  -7.6056639e-01  -8.9831759e-01  -1.9003933e-01  -5.8826246e-01   1.6080605e+00   5.3031133e-01   1.2844533e+00   5.4560215e-01  -6.4648408e-01  -9.9159603e-01   2.5257083e-01  -7.3616931e-01   2.5443859e+00  -1.3105025e-01  -8.6755476e-01  -3.6255569e-01   1.1972437e+00
  -8.8506063e-01  -9.0496858e-01  -7.6056639e-01  -8.9831759e-01  -1.9003933e-01  -5.8826246e-01   1.6080605e+00   5.3031133e-01   1.2844533e+00   5.4560215e-01  -6.4648408e-01  -9.9159603e-01   2.5257083e-01  -7.3616931e-01   2.5443859e+00  -1.3105025e-01  -8.6755476e-01  -3.6255569e-01   1.1972437e+00
  -8.8506063e-01  -9.0496858e-01  -7.6056639e-01  -8.9831759e-01  -1.9003933e-01  -5.8826246e-01   1.6080605e+00   5.3031133e-01   1.2844533e+00   5.4560215e-01  -6.4648408e-01  -9.9159603e-01   2.5257083e-01  -7.3616931e-01   2.5443859e+00  -1.3105025e-01  -8.6755476e-01  -3.6255569e-01   1.1972437e+00
