  -1.0496784e+00  -9.4476720e-01  -1.0808284e+00  -8.6661721e-01  -3.9816024e-01  -9.2478578e-02   1.2257455e+00   1.6284735e+00   9.7856434e-01   1.3750036e+00  -1.0308463e+00  -8.5733434e-01  -8.2861540e-01  -1.1242318e-01   1.8543422e-01   1.2379628e+00  -9.5174150e-01  -1.2948164e-01   1.7118020e+00
  -1.0496784e+00  -9.4476720e-01  -1.0808284e+00  -8.6661721e-01  -3.9816024e-01  -9.2478578e-02   1.2257455e+00   1.6284735e+00   9.7856434e-01   1.3750036e+00  -1.0308463e+00  -8.5733434e-01  -8.2861540e-01  -1.1242318e-01   1.8543422e-01   1.2379628e+00  -9.5174150e-01  -1.2948164e-01   1.7118020e+00
  -1.0496784e+00  -9.4476720e-01  -1.0808284e+00  -8.6661721e-01  -3.9816024e-01  -9.2478578e-02   1.2257455e+00   1.6284735e+00   9.7856434e-01   1.3750036e+00  -1.0308463e+00  -8.5733434e-01  -8.2861540e-01  -1.1242318e-01   1.8543422e-01   1.2379628e+00  -9.5174150e-01  -1.2948164e-01   1.7118020e+00
  -1.0496784e+00  -9.4476720e-01  -1.0808284e+00  -8.6661721e-01  -3.9816024e-01  -9.2478578e-02   1.2257455e+00   1.6284735e+00   9.7856434e-01   1.3750036e+00  -1.0308463e+00  -8.5733434e-01  -8.2861540e-01  -1.1242318e-01   1.8543422e-01   1.2379628e+00  -9.5174150e-01  -1.2948164e-01   1.7118020e+00
  -1.0496784e+00  -9.4476720e-01  -1.0808284e+00  -8.6661721e-01  -3.9816024e-01  -9.2478578e-02   1.2257455e+00   1.6284735e+00   9.7856434e-01   1.3750036e+00  -1.0308463e+00  -8.5733434e-01  -8.2861540e-01  -1.1242318e-01   1.8543422e-01   1.2379628e+00  -9.5174150e-01  -1.2948164e-01   1.7118020e+00
  -1.0496784e+00  -9.4476720e-01  -1.0808284e+00  -8.6661721e-01  -3.9816024e-01  -9.2478578e-02   1.2257455e+00   1.6284735e+00   9.7856434e-01   1.3750036e+00  -1.0308463e+00  -8.5733434e-01  -8.2861540e-01  -1.1242318e-01   1.8543422e-01   1.2379628e+00  -9.5174150e-01  -1.2948164e-01   1.7118020e+00
  -1.0496784e+00  -9.4476720e-01  -1.0808284e+00  -8.6661721e-01  -3.9816024e-01  -9.2478578e-02   1.2257455e+00   1.6284735e+00   9.7856434e-01   1.3750036e+00  -1.0308463e+00  -8.5733434e-01  -8.2861540e-01  -1.1242318e-01   1.8543422e-01   1.2379628e+00  -9.5174150e-01  -1.2948164e-01   1.7118020e+00
  -1.0496784e+00  -9.4476720e-01  -1.0808284e+00  -8.6661721e-01  -3.9816024e-01  -9.2478578e-02   1.2257455e+00   1.6284735e+00   9.7856434e-01   1.3750036e+00  -1.0308463e+00  -8.5733434e-01  -8.2861540e-01  -1.1242318e-01   1.8543422e-01   1.2379628e+00  -9.5174150e-01  -1.2948164e-01   1.7118020e+00
  -1.0496784e+00  -9.4476720e-01  -1.0808284e+00  -8.6661721e-01  -3.9816024e-01  -9.2478578e-02   1.2257455e+00   1.6284735e+00   9.7856434e-01   1.3750036e+00  -1.0308463e+00  -8.5733434e-01  -8.2861540e-01  -1.1242318e-01   1.8543422e-01   1.2379628e+00  -9.5174150e-01  -1.2948164e-01   1.7118020e+00
  -1.0496784e+00  -9.4476720e-01  -1.0808284e+00  -8.6661721e-01  -3.9816024e-01  -9.2478578e-02   1.2257455e+00   1.6284735e+00   9.7856434e-01   1.3750036e+00  -1.0308463e+00  -8.5733434e-01  -8.2861540e-01  -1.1242318e-01   1.8543422e-01   1.2379628e+00  -9.5174150e-01  -1.2948164e-01   1.7118020e+00
