  -8.0169718e-01  -7.7331619e-01  -1.9936826e-01  -3.3843992e-01   7.0183693e-01   5.4878055e-01   1.2332306e+00   1.1472521e+00  -1.7288357e-01  -3.7526405e-01  -9.8181999e-01  -1.1837020e+00  -7.8896787e-01  -1.0861978e+00  -2.5711693e-01  -8.0348274e-01  -7.7411634e-02   1.9276940e+00   2.2808716e+00
  -8.0169718e-01  -7.7331619e-01  -1.9936826e-01  -3.3843992e-01   7.0183693e-01   5.4878055e-01   1.2332306e+00   1.1472521e+00  -1.7288357e-01  -3.7526405e-01  -9.8181999e-01  -1.1837020e+00  -7.8896787e-01  -1.0861978e+00  -2.5711693e-01  -8.0348274e-01  -7.7411634e-02   1.9276940e+00   2.2808716e+00
  -8.0169718e-01  -7.7331619e-01  -1.9936826e-01  -3.3843992e-01   7.0183693e-01   5.4878055e-01   1.2332306e+00   1.1472521e+00  -1.7288357e-01  -3.7526405e-01  -9.8181999e-01  -1.1837020e+00  -7.8896787e-01  -1.0861978e+00  -2.5711693e-01  -8.0348274e-01  -7.7411634e-02   1.9276940e+00   2.2808716e+00
  -8.0169718e-01  -7.7331619e-01  -1.9936826e-01  -3.3843992e-01   7.0183693e-01   5.4878055e-01   1.2332306e+00   1.1472521e+00  -1.7288357e-01  -3.7526405e-01  -9.8181999e-01  -1.1837020e+00  -7.8896787e-01  -1.0861978e+00  -2.5711693e-01  -8.0348274e-01  -7.7411634e-02   1.9276940e+00   2.2808716e+00
  -8.0169718e-01  -7.7331619e-01  -1.9936826e-01  -3.3843992e-01   7.0183693e-01   5.4878055e-01   1.2332306e+00   1.1472521e+00  -1.7288357e-01  -3.7526405e-01  -9.8181999e-01  -1.1837020e+00  -7.8896787e-01  -1.0861978e+00  -2.5711693e-01  -8.0348274e-01  -7.7411634e-02   1.9276940e+00   2.2808716e+00
  -8.0169718e-01  -7.7331619e-01  -1.9936826e-01  -3.3843992e-01   7.0183693e-01   5.4878055e-01   1.2332306e+00   1.1472521e+00  -1.7288357e-01  -3.7526405e-01  -9.8181999e-01  -1.1837020e+00  -7.8896787e-01  -1.0861978e+00  -2.5711693e-01  -8.0348274e-01  -7.7411634e-02   1.9276940e+00   2.2808716e+00
  -8.0169718e-01  -7.7331619e-01  -1.9936826e-01  -3.3843992e-01   7.0183693e-01   5.4878055e-01   1.2332306e+00   1.1472521e+00  -1.7288357e-01  -3.7526405e-01  -9.8181999e-01  -1.1837020e+00  -7.8896787e-01  -1.0861978e+00  -2.5711693e-01  -8.0348274e-01  -7.7411634e-02   1.9276940e+00   2.2808716e+00
  -8.0169718e-01  -7.7331619e-01  -1.9936826e-01  -3.3843992e-01   7.0183693e-01   5.4878055e-01   1.2332306e+00   1.1472521e+00  -1.7288357e-01  -3.7526405e-01  -9.8181999e-01  -1.1837020e+00  -7.8896787e-01  -1.0861978e+00  -2.5711693e-01  -8.0348274e-01  -7.7411634e-02   1.9276940e+00   2.2808716e+00
  -8.0169718e-01  -7.7331619e-01  -1.9936826e-01  -3.3843992e-01   7.0183693e-01   5.4878055e-01   1.2332306e+00   1.1472521e+00  -1.7288357e-01  -3.7526405e-01  -9.8181999e-01  -1.1837020e+00  -7.8896787e-01  -1.0861978e+00  -2.5711693e-01  -8.0348274e-01  -7.7411634e-02   1.9276940e+00   2.2808716e+00
  -8.0169718e-01  -7.7331619e-01  -1.9936826e-01  -3.3843992e-01   7.0183693e-01   5.4878055e-01   1.2332306e+00   1.1472521e+00  -1.7288357e-01  -3.7526405e-01  -9.8181999e-01  -1.1837020e+00  -7.8896787e-01  -1.0861978e+00  -2.5711693e-01  -8.0348274e-01  -7.7411634e-02   1.9276940e+00   2.2808716e+00
