  -4.9766927e-01  -4.6059461e-01  -5.6309665e-01  -6.6115823e-01  -1.5108497e-01  -3.8994372e-01   1.3532716e+00   3.6486272e-01   3.2430818e+00   4.6790860e-01  -4.9499224e-01  -6.5182284e-01  -7.0038829e-01  -9.1743691e-01   5.1617077e-01  -8.4754073e-01  -6.5698080e-01  -1.6298810e-01   1.2103838e+00
  -4.9766927e-01  -4.6059461e-01  -5.6309665e-01  -6.6115823e-01  -1.5108497e-01  -3.8994372e-01   1.3532716e+00   3.6486272e-01   3.2430818e+00   4.6790860e-01  -4.9499224e-01  -6.5182284e-01  -7.0038829e-01  -9.1743691e-01   5.1617077e-01  -8.4754073e-01  -6.5698080e-01  -1.6298810e-01   1.2103838e+00
  -4.9766927e-01  -4.6059461e-01  -5.6309665e-01  -6.6115823e-01  -1.5108497e-01  -3.8994372e-01   1.3532716e+00   3.6486272e-01   3.2430818e+00   4.6790860e-01  -4.9499224e-01  -6.5182284e-01  -7.0038829e-01  -9.1743691e-01   5.1617077e-01  -8.4754073e-01  -6.5698080e-01  -1.6298810e-01   1.2103838e+00
  -4.9766927e-01  -4.6059461e-01  -5.6309665e-01  -6.6115823e-01  -1.5108497e-01  -3.8994372e-01   1.3532716e+00   3.6486272e-01   3.2430818e+00   4.6790860e-01  -4.9499224e-01  -6.5182284e-01  -7.0038829e-01  -9.1743691e-01   5.1617077e-01  -8.4754073e-01  -6.5698080e-01  -1.6298810e-01   1.2103838e+00
  -4.9766927e-01  -4.6059461e-01  -5.6309665e-01  -6.6115823e-01  -1.5108497e-01  -3.8994372e-01   1.3532716e+00   3.6486272e-01   3.2430818e+00   4.6790860e-01  -4.9499224e-01  -6.5182284e-01  -7.0038829e-01  -9.1743691e-01   5.1617077e-01  -8.4754073e-01  -6.5698080e-01  -1.6298810e-01   1.2103838e+00
  -4.9766927e-01  -4.6059461e-01  -5.6309665e-01  -6.6115823e-01  -1.5108497e-01  -3.8994372e-01   1.3532716e+00   3.6486272e-01   3.2430818e+00   4.6790860e-01  -4.9499224e-01  -6.5182284e-01  -7.0038829e-01  -9.1743691e-01   5.1617077e-01  -8.4754073e-01  -6.5698080e-01  -1.6298810e-01   1.2103838e+00
  -4.9766927e-01  -4.6059461e-01  -5.6309665e-01  -6.6115823e-01  -1.5108497e-01  -3.8994372e-01   1.3532716e+00   3.6486272e-01   3.2430818e+00   4.6790860e-01  -4.9499224e-01  -6.5182284e-01  -7.0038829e-01  -9.1743691e-01   5.1617077e-01  -8.4754073e-01  -6.5698080e-01  -1.6298810e-01   1.2103838e+00
  -4.9766927e-01  -4.6059461e-01  -5.6309665e-01  -6.6115823e-01  -1.5108497e-01  -3.8994372e-01   1.3532716e+00   3.6486272e-01   3.2430818e+00   4.6790860e-01  -4.9499224e-01  -6.5182284e-01  -7.0038829e-01  -9.1743691e-01   5.1617077e-01  -8.4754073e-01  -6.5698080e-01  -1.6298810e-01   1.2103838e+00
  -4.9766927e-01  -4.6059461e-01  -5.6309665e-01  -6.6115823e-01  -1.5108497e-01  -3.8994372e-01   1.3532716e+00   3.6486272e-01   3.2430818e+00   4.6790860e-01  -4.9499224e-01  -6.5182284e-01  -7.0038829e-01  -9.1743691e-01   5.1617077e-01  -8.4754073e-01  -6.5698080e-01  -1.6298810e-01   1.2103838e+00
  -4.9766927e-01  -4.6059461e-01  -5.6309665e-01  -6.6115823e-01  -1.5108497e-01  -3.8994372e-01   1.3532716e+00   3.6486272e-01   3.2430818e+00   4.6790860e-01  -4.9499224e-01  -6.5182284e-01  -7.0038829e-01  -9.1743691e-01   5.1617077e-01  -8.4754073e-01  -6.5698080e-01  -1.6298810e-01   1.2103838e+00
