   4.1666958e+00  -5.5320093e-01  -7.8022161e-01  -3.7662443e-01  -2.2559155e-01  -2.2384145e-01  -1.9012720e-01  -1.9330904e-01  -3.7772643e-02  -4.4868722e-02  -2.5525184e-01  -2.6311079e-01  -8.2109431e-02  -1.2946935e-01   6.3226892e-03   2.8014236e-02  -3.5037578e-01  -2.4879669e-01  -2.4636798e-01
   4.1666958e+00  -5.5320093e-01  -7.8022161e-01  -3.7662443e-01  -2.2559155e-01  -2.2384145e-01  -1.9012720e-01  -1.9330904e-01  -3.7772643e-02  -4.4868722e-02  -2.5525184e-01  -2.6311079e-01  -8.2109431e-02  -1.2946935e-01   6.3226892e-03   2.8014236e-02  -3.5037578e-01  -2.4879669e-01  -2.4636798e-01
   4.1666958e+00  -5.5320093e-01  -7.8022161e-01  -3.7662443e-01  -2.2559155e-01  -2.2384145e-01  -1.9012720e-01  -1.9330904e-01  -3.7772643e-02  -4.4868722e-02  -2.5525184e-01  -2.6311079e-01  -8.2109431e-02  -1.2946935e-01   6.3226892e-03   2.8014236e-02  -3.5037578e-01  -2.4879669e-01  -2.4636798e-01
   4.1666958e+00  -5.5320093e-01  -7.8022161e-01  -3.7662443e-01  -2.2559155e-01  -2.2384145e-01  -1.9012720e-01  -1.9330904e-01  -3.7772643e-02  -4.4868722e-02  -2.5525184e-01  -2.6311079e-01  -8.2109431e-02  -1.2946935e-01   6.3226892e-03   2.8014236e-02  -3.5037578e-01  -2.4879669e-01  -2.4636798e-01
   4.1666958e+00  -5.5320093e-01  -7.8022161e-01  -3.7662443e-01  -2.2559155e-01  -2.2384145e-01  -1.9012720e-01  -1.9330904e-01  -3.7772643e-02  -4.4868722e-02  -2.5525184e-01  -2.6311079e-01  -8.2109431e-02  -1.2946935e-01   6.3226892e-03   2.8014236e-02  -3.5037578e-01  -2.4879669e-01  -2.4636798e-01
   4.1666958e+00  -5.5320093e-01  -7.8022161e-01  -3.7662443e-01  -2.2559155e-01  -2.2384145e-01  -1.9012720e-01  -1.9330904e-01  -3.7772643e-02  -4.4868722e-02  -2.5525184e-01  -2.6311079e-01  -8.2109431e-02  -1.2946935e-01   6.3226892e-03   2.8014236e-02  -3.5037578e-01  -2.4879669e-01  -2.4636798e-01
   4.1666958e+00  -5.5320093e-01  -7.8022161e-01  -3.7662443e-01  -2.2559155e-01  -2.2384145e-01  -1.9012720e-01  -1.9330904e-01  -3.7772643e-02  -4.4868722e-02  -2.5525184e-01  -2.6311079e-01  -8.2109431e-02  -1.2946935e-01   6.3226892e-03   2.8014236e-02  -3.5037578e-01  -2.4879669e-01  -2.4636798e-01
   4.1666958e+00  -5.5320093e-01  -7.8022161e-01  -3.7662443e-01  -2.2559155e-01  -2.2384145e-01  -1.9012720e-01  -1.9330904e-01  -3.7772643e-02  -4.4868722e-02  -2.5525184e-01  -2.6311079e-01  -8.2109431e-02  -1.2946935e-01   6.3226892e-03   2.8014236e-02  -3.5037578e-01  -2.4879669e-01  -2.4636798e-01
   4.1666958e+00  -5.5320093e-01  -7.8022161e-01  -3.7662443e-01  -2.2559155e-01  -2.2384145e-01  -1.9012720e-01  -1.9330904e-01  -3.7772643e-02  -4.4868722e-02  -2.5525184e-01  -2.6311079e-01  -8.2109431e-02  -1.2946935e-01   6.3226892e-03   2.8014236e-02  -3.5037578e-01  -2.4879669e-01  -2.4636798e-01
   4.1666958e+00  -5.5320093e-01  -7.8022161e-01  -3.7662443e-01  -2.2559155e-01  -2.2384145e-01  -1.9012720e-01  -1.9330904e-01  -3.7772643e-02  -4.4868722e-02  -2.5525184e-01  -2.6311079e-01  -8.2109431e-02  -1.2946935e-01   6.3226892e-03   2.8014236e-02  -3.5037578e-01  -2.4879669e-01  -2.4636798e-01
